Matriz A:
[[1.29510455 0.30629649 1.19484773 0.65400179 1.34682218 0.58841391 0.91927672 0.40657172 1.02776614 0.64841417 0.53641995 1.16991373 1.14637449 1.11014631 1.61009245 1.30324525 1.8450487  1.05005533 0.98512106 1.12649186 0.74717989 1.43933106 1.4003193  0.97044931 1.44312956 1.03818174 1.62645309 1.18799484 0.42676855 0.87804928 1.52323531 0.57893432 0.88429497 1.02694933 0.48962804 0.91511082 0.56223882 0.09731696 0.71399602 1.34866114 0.90290103 0.76500393 0.41901584 0.30494271 1.31535819 0.30935303 1.6470944  0.28364169 1.1512677  1.0279088  0.82087118 0.3515733  0.80431186 1.04867925 0.43434605 0.705454   0.89066977 0.6552328  1.74811562 1.27322463 1.27938852 0.81698075 0.95094308 1.05380884 0.53798879 1.27733978 1.63902829 1.70011616 1.30810331 0.80123945 0.21665206 0.55139989 0.93112138 1.47408397 0.26366095 1.54109955 1.6205474  1.50757362 1.67661762 1.62376519 1.04749542 1.10726783 0.87036741 0.39348481 1.94355997 0.45240295 1.21144353 1.58767185 0.62186271 1.22608993 0.85718362 0.45323659 1.22957747 0.512754   1.64374025 0.91674674 1.62928058 0.1116499  0.92224264 1.05994735]
 [0.30629649 0.84570424 0.63696153 1.38729807 0.90708827 0.16650916 0.85529954 0.67588815 1.0843705  0.86407167 1.44347105 1.18280965 1.0549385  1.68717375 0.77789835 1.27925769 1.30232259 1.47728516 1.25662858 1.46498902 0.18599797 1.48965251 0.72450874 0.57929136 0.71766387 0.52817179 1.03005676 0.63591108 1.4775369  1.68869087 0.09505198 1.14930243 0.79531331 0.36267439 0.76003186 0.00559221 1.36766563 1.33949313 1.07382971 1.01280121 1.88991119 0.61524585 0.87362944 0.33798762 1.36570441 1.76432171 1.11019567 1.09150665 1.02930003 0.62757    1.15162908 0.14783994 1.68545356 1.45691642 0.66838234 0.42502431 1.41477664 1.20960211 1.1393241  0.98900327 0.87499347 1.60350334 0.96308481 0.84828309 1.8703578  0.14291955 0.3786865  0.265294   0.65571958 0.55593992 1.10662969 1.2476068  1.08736047 0.72968454 1.31479024 0.39467402 1.47275265 1.74043791 0.92421272 1.75725015 0.83873468 1.88374616 1.44274126 1.11771149 0.94060451 0.99537584 0.71900833 0.96078413 0.87405366 1.63390104 1.38122028 0.92619826 0.17006977 0.25371551 0.75292409 1.96130678 1.21190908 1.03445203 1.05716809 0.14470394]
 [1.19484773 0.63696153 1.26817472 1.31118272 0.60876283 0.39288673 0.29171922 0.40643184 1.58306203 0.88785479 1.47833446 1.84034975 1.68010724 1.70800335 1.27334597 0.82880914 1.55113443 1.43124312 0.49685344 1.23344547 1.24804141 1.21298809 1.29622371 0.64891253 0.91687885 0.86475924 0.83120014 1.60836168 0.82053391 0.97632079 0.48974013 1.79822966 1.31385815 0.70026335 0.48044208 1.21959801 1.00514806 0.54031631 1.52399596 0.78295222 0.91683359 0.73209682 1.90077589 1.05010706 1.66434086 1.40962256 1.32702314 1.43315139 1.3202774  1.21254515 0.90965515 1.07012528 0.90826075 0.52010263 0.83231641 0.8371445  0.242573   0.77575755 0.59310531 1.4333923  0.74778094 1.46874427 1.53310299 0.8427999  0.95312614 1.20987549 0.69565901 0.7617009  0.8716401  1.12702983 0.5186251  1.09918414 1.66115346 0.94225196 1.42408839 1.31235738 0.84222615 0.87111007 1.30081128 0.88522525 0.04412147 1.64421245 0.96661794 0.505983   1.04804671 1.42802143 1.40525461 0.92467446 0.26831356 0.85827225 0.97873135 0.40406714 1.22823296 0.52539747 1.72285381 1.20283819 0.34965329 0.14796409 1.68090834 0.97215766]
 [0.65400179 1.38729807 1.31118272 1.21553244 0.66270364 0.89292338 0.81529248 1.41334651 0.83670931 0.81976498 1.30603618 0.76093587 0.52870732 0.67034648 0.70148622 1.29492471 1.10121717 1.0871914  0.50881636 0.57550749 1.16788981 1.01244069 0.3179614  1.45839307 1.39059978 1.29770198 1.36644767 0.78469845 0.5545193  0.5926774  1.60989679 1.2189764  1.05242941 1.19592618 0.64667008 1.38623183 0.55090979 0.33780669 1.78937269 1.01158031 0.97802946 1.40689402 1.3760008  1.19200853 0.96278852 0.8493379  0.61739149 0.77396144 0.39573845 1.16035109 1.04058618 0.70362068 0.28972299 1.05019598 0.67751369 1.34799751 1.22212494 1.30802602 0.60851065 0.85230437 0.88482731 0.92147113 1.0075307  0.9142969  1.03581702 0.60905185 0.52087895 1.58740677 1.38921665 1.49805484 1.01797224 0.98471791 1.1793783  1.03670644 0.62575509 0.11605292 0.85747827 0.26498527 1.78145218 1.19459889 0.86236364 0.53939307 1.49214095 1.03905313 0.91197268 1.01481419 1.42443912 1.49560475 0.75607054 0.11420272 0.16786565 0.69908013 0.67630055 1.23562106 0.53457946 1.42875406 1.05738877 0.89800287 1.35679847 1.38661005]
 [1.34682218 0.90708827 0.60876283 0.66270364 0.89061536 1.26152878 0.9352085  1.02980948 1.28700698 0.86647269 1.32788383 0.87937997 1.12290515 0.4777962  0.88811243 1.32210532 0.84214063 0.75742992 1.48116969 1.07981757 0.46979269 1.45353031 0.89072392 0.89153658 0.986022   1.2843207  0.73862329 1.14349887 1.26051698 1.62648226 0.9727599  0.40375204 1.5509744  0.94561158 1.06918339 0.79423017 0.64514089 0.44241431 0.9535721  1.19554586 1.08569907 0.61428244 0.9501934  1.0815805  1.02303414 0.18781059 1.36265457 0.9233232  1.01990062 1.16191778 0.19791658 1.024772   1.04569625 1.09945911 0.51973859 1.8657194  0.61302217 1.41495237 1.449499   0.71597199 0.52882989 1.41908041 1.25780112 0.84619372 0.44513552 1.12615671 1.01190404 0.91918965 1.51642678 1.78621818 1.34282456 0.88759607 0.89336056 0.94853645 0.55801949 0.87583775 1.5226351  0.42037738 1.6034057  0.88804805 1.4404186  1.6613763  0.46842746 1.05182786 0.47497106 1.26054297 1.1690754  0.11771257 0.78705619 0.75655726 0.56206287 0.31662857 0.84694456 1.43079258 0.38983029 1.58795897 1.00595206 0.33320448 1.11336699 0.52655163]
 [0.58841391 0.16650916 0.39288673 0.89292338 1.26152878 1.55905185 0.89174605 0.53481263 1.10239479 0.7834681  1.7073334  1.03162543 1.12905919 1.09352663 1.53933991 1.79941903 1.25261465 1.8535767  0.9122125  1.01598342 1.28783253 0.89638808 1.27265548 0.61745681 0.31772173 1.13937604 0.65353028 1.44394071 1.75376673 1.1229707  0.74849305 1.28163864 1.09048813 0.5391731  0.60446437 0.56214212 0.89007213 1.23261017 1.62847251 1.12688109 0.91242572 1.74962239 0.23421183 1.09721406 0.67794672 1.43228906 0.83172399 0.85472927 1.04652486 1.43028911 1.10829083 1.0088524  1.48071123 0.67048189 1.61028118 0.61640999 0.21567146 1.14955073 1.74043874 1.35145538 1.52009067 1.04330259 1.59278377 0.87790295 0.81912706 0.64332278 0.75548701 1.35974499 1.5355453  1.47817917 0.2209401  0.99984039 0.77027587 0.26091302 1.36265168 0.74047023 0.90275149 0.90434447 1.5235032  1.28547605 1.81546969 1.30254779 1.6082774  0.8738042  0.73837176 0.97559582 0.64029299 1.16694185 1.30614172 0.96201071 0.85831713 0.5206812  1.38137214 1.57689835 0.82418152 1.39876312 0.55723976 1.03814405 0.49324333 0.20722346]
 [0.91927672 0.85529954 0.29171922 0.81529248 0.9352085  0.89174605 0.74434103 0.67981836 0.1514142  0.72966485 1.58497945 1.15254764 0.89471633 0.50569441 1.18703185 0.81795424 0.81760227 0.37834487 1.34940601 1.26706031 0.74224202 1.1545956  0.9587538  0.962862   0.60143696 0.9577173  0.0313187  1.02333897 1.39027663 1.22377283 1.05156202 1.06914815 0.91690926 1.60264606 0.4931985  0.35454598 0.65070699 0.79960724 0.53538969 0.61173305 0.86983332 0.99143307 1.83390356 0.77781254 1.43775233 0.10037875 1.05943751 1.05528936 1.17851233 1.31738123 0.8021902  1.61620485 0.99852353 0.53792887 0.93046177 1.56233356 0.8312657  0.90747564 0.35020026 0.90163512 1.00886298 0.37766799 1.0799357  1.4323611  1.67273124 1.2148365  0.94398479 0.90696931 1.93520252 0.69048672 1.49539777 0.95964532 0.33957073 1.45097888 1.28201614 1.40859107 0.39891795 0.81993723 1.18725408 1.10625952 0.48431717 0.50825349 1.11739746 0.32651721 0.59453692 0.86742269 1.66333618 0.51524862 1.19032843 0.22212157 1.33014498 1.10012302 1.46531308 1.27577496 1.40743261 0.74794813 0.48095463 1.02442475 0.98205293 0.47764598]
 [0.40657172 0.67588815 0.40643184 1.41334651 1.02980948 0.53481263 0.67981836 0.28628424 0.71628423 0.86738703 0.97437827 0.80074893 1.57368838 0.65592568 0.29570829 0.87994486 1.40456243 0.81724677 0.44329205 1.17041245 0.46058994 0.85003615 0.88302565 0.57196481 0.82832222 0.17769421 0.74603076 1.10954681 1.91624937 0.12308092 1.53436428 0.9179125  1.04638741 0.85248566 0.87930322 1.02619014 0.980242   0.77469525 1.21893576 1.17174508 0.87581681 0.1977187  0.49569308 0.42960962 0.88044587 0.81088041 0.54233893 0.63536564 1.09479331 0.27279437 1.74276828 0.73108351 1.24336155 0.5559835  1.67021587 0.49146161 0.11346201 0.86301587 0.79544969 0.83595323 1.33984641 0.29823909 1.71823428 1.54042503 1.37865481 0.83134577 0.94244926 0.9859669  1.12806001 0.58693226 1.68035157 1.18874368 1.19178059 1.62969825 0.2932886  1.45241862 1.63940001 0.25854201 1.09545434 1.3732545  0.88687323 0.65629339 0.43405695 0.61083286 0.51309449 0.77395972 1.32617903 1.32902549 1.26161207 0.35081398 1.15040412 0.58942185 1.05699078 0.41859785 0.99407704 0.99689555 0.44641273 0.48744586 0.49313333 1.30818507]
 [1.02776614 1.0843705  1.58306203 0.83670931 1.28700698 1.10239479 0.1514142  0.71628423 1.69672305 0.87845444 1.64532142 0.78752774 0.06484875 1.20609046 1.28058267 0.31309789 1.40260693 0.91828417 0.56716161 0.93779416 1.48884665 1.745599   0.99137028 0.35275675 1.25494349 1.1732998  0.68595998 0.6276866  1.66058187 0.95626061 1.11591776 1.0390341  0.35824845 1.37646024 1.09147456 1.26931968 1.05128029 0.26689954 0.71258477 0.2478058  0.94309976 1.70509041 0.59450282 1.16966769 1.42272238 0.7913942  1.29989615 0.92570044 1.6290922  1.17899389 1.89007055 1.02880478 1.31830156 0.8030638  0.63783205 0.99277648 0.87910817 1.10245158 0.44923289 0.6927745  0.96038708 1.20635809 1.82187335 0.88557959 0.07021171 1.02206869 0.88538237 1.83586355 0.62036388 1.10279555 1.69005527 0.83578643 1.69411295 0.5671992  1.2573101  1.58967601 1.23769803 1.85940253 1.42839258 0.9032036  1.00217767 1.40010301 0.65908917 1.07848272 1.00343976 0.78461127 0.96442974 1.19243798 1.42080175 1.33621531 0.2734436  1.18119699 0.17967819 1.46229724 1.40826275 0.62485935 1.2702545  1.53799587 0.56255129 1.24528861]
 [0.64841417 0.86407167 0.88785479 0.81976498 0.86647269 0.7834681  0.72966485 0.86738703 0.87845444 1.0985868  1.22255891 0.6700114  1.29638385 0.50874824 1.10111599 1.15882784 1.03399259 1.07231494 0.95223639 0.63922059 0.50079102 0.66692497 0.63668515 1.41614036 1.08188328 1.13647535 1.02200728 1.11959653 0.75944502 1.2668336  1.6413306  0.41880961 0.56059789 1.62038977 1.4380676  0.5859547  1.53394009 0.28030067 1.29807246 1.16607235 1.17073832 0.36561508 1.29691074 0.39074817 0.8750981  0.88474428 0.56190963 0.72118094 1.28334321 1.06623777 0.20451206 0.91375843 1.06425708 1.79509507 1.0905944  0.93803581 1.02535196 1.27069618 0.54982891 0.81805482 0.94457863 1.58012834 0.7244841  0.11474891 0.52950599 0.94860333 1.57091761 1.08565084 1.09693077 1.58463125 1.25269333 1.16118385 0.39115176 1.16704008 1.30223564 0.91382279 0.94975315 0.96333072 1.72174862 0.91483947 1.10817648 1.73853027 1.07500975 1.69885915 0.15727199 0.93139711 1.06057527 0.57592425 1.19206032 0.89946676 0.24248856 0.04516654 0.98430067 0.8505719  0.69977781 0.60698921 1.49082957 1.41327279 1.0869722  0.85739922]
 [0.53641995 1.44347105 1.47833446 1.30603618 1.32788383 1.7073334  1.58497945 0.97437827 1.64532142 1.22255891 1.72201301 0.78972222 1.06430764 1.18108626 0.47995917 1.37100261 0.58012401 0.9381182  0.88339699 1.40364443 0.74501552 1.34447997 0.46029338 1.30039498 1.28657947 0.72586468 0.04215551 0.93220275 1.07821728 1.50854971 1.10578631 1.38542105 0.15779989 0.73681717 1.77592348 0.80777339 1.18098096 0.95043677 0.6912263  0.78659799 0.12040324 0.53536419 1.48548023 1.47650558 0.67095004 1.55442115 0.15324459 0.7654656  1.43004169 1.02021894 0.76690474 1.54336726 1.10638999 1.66372329 1.39014079 1.58521163 0.86612954 1.2178441  0.33867842 0.45970705 1.11438965 0.95337845 0.40509045 1.48218912 0.48021246 1.17201104 1.2609176  0.41104676 1.004857   1.69349036 0.44896176 1.32174693 1.67892864 0.62342432 0.86422546 1.45605789 1.48986193 0.5698645  0.91571574 1.07670181 0.67516975 1.197396   0.64128676 1.10302273 0.92571148 0.89066885 1.32586775 0.70024726 0.90488247 0.60390723 0.90053801 0.9578233  1.14494791 1.20196325 0.97762339 0.84811537 0.75713796 0.83439178 1.09635121 0.837497  ]
 [1.16991373 1.18280965 1.84034975 0.76093587 0.87937997 1.03162543 1.15254764 0.80074893 0.78752774 0.6700114  0.78972222 0.94841702 0.97365994 0.55523648 1.17869399 0.58345739 1.26640521 0.87948894 0.65049597 1.33575916 0.6668225  1.00694984 0.64883988 0.93801191 1.19147763 1.44380299 1.01679808 0.89400931 1.60128259 1.0287571  0.57536612 1.30922725 0.44652046 0.43968058 0.89889058 0.82230489 0.67010874 0.97970465 0.24252725 1.13189056 0.95840364 0.81011084 0.91187372 0.92684762 0.36935373 1.325156   0.60552535 0.68275912 1.23751542 0.82225029 0.83239253 1.16260172 0.50808913 1.38580988 1.4316385  0.62335299 1.35596911 0.73967058 1.61218588 0.38502944 0.86550599 1.02259216 0.92765241 0.48821036 0.17103476 0.79079543 0.96196764 1.02873636 0.56118327 1.52958289 0.79239823 0.76871945 0.83559786 1.49742524 1.0072076  0.96287794 0.87242684 0.96870693 0.65774461 1.05646543 1.59814408 0.90658292 0.68102658 0.95896387 1.24340555 0.66612346 1.0337962  0.77464452 0.43820337 0.92195434 1.76946164 0.49365232 0.3094668  1.8697605  1.19984989 0.59643836 1.58029595 0.94827382 0.86886975 0.21890197]
 [1.14637449 1.0549385  1.68010724 0.52870732 1.12290515 1.12905919 0.89471633 1.57368838 0.06484875 1.29638385 1.06430764 0.97365994 0.61026878 1.16939604 1.15183502 1.30890324 1.69996188 1.55958986 0.8282034  1.06500606 0.87890223 0.56930067 0.89560662 0.98015448 0.91699103 0.68906104 1.14074297 0.53864296 1.64695953 1.47099274 1.78815537 1.27854419 0.72441631 0.69513298 0.47796781 1.33683636 1.41436286 0.52694066 1.16051394 0.40889233 1.37926363 0.26003462 0.59939062 0.43449126 1.2377206  0.70145232 0.42269481 0.80379028 1.41364544 0.91146518 0.88685367 0.24702086 1.12240083 0.83697474 0.79418099 0.8484199  1.34281138 1.68057792 1.90573581 0.94648449 0.56718296 1.05344912 1.03235404 1.0537368  0.300894   1.39236476 0.87940732 1.50571413 0.66321111 1.49969684 1.15610223 0.92365449 1.6958542  0.50542522 1.7239443  1.7886577  0.54805102 1.86984984 0.493224   1.1223681  0.88167007 0.9956459  0.44570278 0.45367805 0.95445196 1.16080925 0.19259249 0.2979611  1.02056625 1.18420167 1.06421193 1.4334759  0.60285347 1.06672892 1.64219013 1.07432038 0.8722134  1.16665725 0.59307986 1.19297802]
 [1.11014631 1.68717375 1.70800335 0.67034648 0.4777962  1.09352663 0.50569441 0.65592568 1.20609046 0.50874824 1.18108626 0.55523648 1.16939604 0.91449937 1.12334336 0.92664048 0.35970944 0.86924632 0.97961111 0.47364107 0.95857932 0.63971902 0.73386688 1.33581299 0.27825945 1.11869051 0.83010877 1.12402637 0.39577651 0.24190211 0.78639386 1.06761827 0.82088303 1.37645679 1.36506276 1.16077091 1.18818289 1.27180226 0.29222503 1.08695297 1.96942926 1.13766523 1.86249836 0.62996114 1.17877283 0.56118431 1.33412661 0.62706274 0.6918482  1.39525579 1.04052827 1.2717041  1.0873189  0.70652369 0.76922692 0.84126432 0.57743824 0.82628369 1.19255402 0.75224896 0.29559185 0.99440964 1.79160436 0.87981669 1.22552423 0.62220193 0.78427367 0.64003429 1.30016297 1.31941127 1.75095278 1.46133204 0.96029522 0.75563665 0.8704308  1.29000622 1.15682235 1.60983985 0.82711669 1.1159133  0.80449333 0.70969497 0.1293925  0.95369953 1.26746101 0.56014273 0.91537482 1.54144007 0.31076929 0.41118293 0.82644586 0.95453971 0.49041461 0.91972896 1.56666304 0.87381584 0.89738641 0.92249914 1.26236996 1.15478907]
 [1.61009245 0.77789835 1.27334597 0.70148622 0.88811243 1.53933991 1.18703185 0.29570829 1.28058267 1.10111599 0.47995917 1.17869399 1.15183502 1.12334336 0.32253319 1.06890554 0.84339116 0.86685295 0.37305245 1.51676862 1.26784778 1.00610175 1.20924347 1.02579603 0.51234627 0.54050597 1.53104131 0.61962854 0.38164215 1.2375861  1.65678143 1.44497089 0.67680553 1.15961599 0.9485042  1.40698037 0.85304198 1.3886823  1.60758775 1.8952196  0.06669326 0.66366759 1.60806363 0.69691073 0.9336742  0.57786    0.97298874 0.86268436 1.33547616 1.12346202 1.37709219 1.60344665 0.66623368 0.82570663 1.43862526 1.27516694 0.83701951 1.18669044 1.07822703 0.62355075 1.64712748 1.5357765  0.20035314 0.79141837 1.77852334 0.80445117 0.99875017 0.84914148 0.92658255 0.86128782 1.02479855 1.46516968 0.66082361 0.62665409 0.84152404 0.79106565 1.54150597 0.45470982 0.55131711 0.67349078 0.67915675 1.45381972 1.18147451 0.62807792 0.86578608 0.35971227 0.72080572 1.11146173 1.02387592 0.23551567 1.88060722 1.34598175 0.99958997 1.25165714 1.44608382 0.29937996 0.32638471 1.64597884 0.46859042 1.40601264]
 [1.30324525 1.27925769 0.82880914 1.29492471 1.32210532 1.79941903 0.81795424 0.87994486 0.31309789 1.15882784 1.37100261 0.58345739 1.30890324 0.92664048 1.06890554 0.0184571  1.06839876 0.90485057 0.65255855 1.01119743 0.29973501 1.80019139 0.90766211 0.49116703 0.76137127 1.7422435  1.74699258 1.18528127 0.29714081 1.67993623 1.25301293 0.61565473 0.3004351  0.36052847 1.38311766 0.57925155 1.52109133 1.12813967 1.29346373 0.73334232 0.90201528 1.80408629 1.05219584 1.17527407 0.27942334 1.42267889 1.08075797 0.91290325 0.75584444 1.22370549 0.55351608 0.79936697 1.243886   1.15247563 1.38954491 0.9519338  0.54614408 0.98062434 1.14618267 1.90685392 0.60428388 1.37227249 1.0644009  1.42448561 1.22056171 0.83392105 1.33282426 1.31034407 1.01404089 1.55388737 0.55304478 0.74048192 1.05063259 0.52347443 1.45124171 0.82011101 0.65126108 0.92341881 0.71687444 0.92631929 1.62390141 0.53712219 0.83233229 0.74357052 0.81026567 0.67429205 0.87585125 1.18816907 1.71865418 1.03348166 0.32574854 1.12666831 0.73687001 0.70023597 1.02296879 0.82275869 1.19315018 0.47194054 0.90530696 0.7499245 ]
 [1.8450487  1.30232259 1.55113443 1.10121717 0.84214063 1.25261465 0.81760227 1.40456243 1.40260693 1.03399259 0.58012401 1.26640521 1.69996188 0.35970944 0.84339116 1.06839876 0.30538629 0.85533145 1.02249308 0.70980748 0.26302647 0.98172107 1.10985417 1.49368407 0.904814   1.03676986 1.82263784 0.3626701  1.71258961 1.0892026  1.03599162 1.0373357  0.40171153 1.46619201 1.36095994 0.67771482 1.93215244 1.28251633 0.48066401 1.83905302 0.56313022 1.37774138 1.05942036 1.00225432 0.74224279 1.47641909 0.70766518 1.05167089 0.59573379 1.01102222 0.22320043 0.72575237 0.48301635 1.10642659 0.98870873 0.8579125  0.65829357 0.63303909 1.37981022 1.24332012 1.45677678 0.78687554 1.80018903 1.48356778 1.46920771 0.27573396 0.73181038 0.66319698 1.05224538 0.6493763  0.50497835 0.88254348 1.47253066 1.22410901 0.56356277 1.02676536 0.90692415 1.00993116 0.69923037 1.92339186 0.98432841 0.22016339 1.77366851 0.93006832 0.79720555 1.18036016 0.68554749 1.48182842 1.79897187 0.50614674 0.7445185  1.26399203 0.85721128 1.2426011  1.43417596 1.65940053 1.06777274 0.48446861 0.53037649 1.11137133]
 [1.05005533 1.47728516 1.43124312 1.0871914  0.75742992 1.8535767  0.37834487 0.81724677 0.91828417 1.07231494 0.9381182  0.87948894 1.55958986 0.86924632 0.86685295 0.90485057 0.85533145 1.1319647  1.20738307 0.13293517 1.17505062 0.63739153 0.92705744 1.27281876 0.91492695 0.39953088 0.80015912 1.5372707  1.34460188 1.33233539 1.15809655 0.905712   1.90721954 1.34824734 1.05384441 1.71869448 1.28704103 1.08807408 1.36005818 0.4201764  0.93764124 1.08950637 1.17965719 0.75654166 1.34753472 0.77113184 1.11946648 1.12872587 0.72515034 1.37648176 1.11573384 0.74606417 0.6966584  0.64055884 1.28819031 0.49662239 1.15008462 1.50116394 0.86569431 0.95751882 0.80566279 1.48747454 0.8824096  1.39128414 0.95088537 1.34911763 0.81592203 0.32314513 1.05119072 1.25255903 1.30810706 0.39691208 0.35780535 1.28704072 1.37310174 1.38286986 0.96102891 0.78767363 0.7257662  0.51970078 1.53712906 1.05794815 1.66375584 0.65567845 1.34517592 0.81842926 0.40640496 0.41503264 1.62954287 0.44715001 1.44570268 0.34929405 1.67725852 0.76313468 0.05994517 1.23495634 1.4446469  1.08151514 0.94732054 1.67557303]
 [0.98512106 1.25662858 0.49685344 0.50881636 1.48116969 0.9122125  1.34940601 0.44329205 0.56716161 0.95223639 0.88339699 0.65049597 0.8282034  0.97961111 0.37305245 0.65255855 1.02249308 1.20738307 0.50462205 0.39971071 0.27612416 0.55856275 1.39101552 1.62210085 1.54791692 1.55013439 0.45699937 1.6579565  1.34486934 1.32727962 0.74339943 1.45433566 1.19473991 1.1013701  0.97105871 0.88381469 1.54940382 1.14433572 0.9565462  1.23064927 0.76366222 1.19473521 0.68923562 1.3244049  1.26149962 1.20700393 1.47884427 0.64853024 0.80280827 0.58966415 1.21986579 1.21639038 0.94616816 1.12233771 0.70586063 1.42385229 1.11359009 0.51778508 0.91243086 0.73810048 1.08485603 1.13956364 0.67911569 0.43370135 1.13732983 1.39943922 1.58738975 1.0333877  1.25714438 1.73326031 1.46214164 0.49373524 1.07651752 0.54055255 1.08979108 0.99008348 1.32248376 1.555269   0.65227695 0.88261469 1.77547549 0.57605342 1.1897554  0.57561012 1.20480045 1.0504394  1.73734892 1.2757532  0.13386687 0.46637414 1.63865113 0.69066417 1.25560842 0.81181374 0.25194312 0.36608789 0.75070855 0.55226221 1.18101025 0.17301533]
 [1.12649186 1.46498902 1.23344547 0.57550749 1.07981757 1.01598342 1.26706031 1.17041245 0.93779416 0.63922059 1.40364443 1.33575916 1.06500606 0.47364107 1.51676862 1.01119743 0.70980748 0.13293517 0.39971071 0.06195682 1.34872001 0.69268405 1.60898124 0.97253964 0.99634174 1.11670176 0.61195557 1.05050625 1.46942802 0.21272001 0.61929405 1.57376889 1.17026252 0.89449716 0.43621995 1.06420968 0.73270059 0.74082768 1.05678105 1.17871499 1.48097699 1.28642181 1.6506227  0.86847503 0.80196472 1.44706773 0.9655209  1.32735327 0.9014773  1.79914223 0.76092764 0.861271   0.85055016 0.48430251 0.69446568 1.1173406  1.29597295 0.7724567  1.36376594 1.2931242  0.16906929 0.59201652 1.22779701 0.88055886 1.06363057 0.89439766 0.89872335 1.1843109  1.29456756 0.69694969 1.16020995 0.25131408 1.19994073 0.93875341 1.64077487 1.23514385 1.56820393 0.69816192 1.34031193 1.0991575  1.58563877 1.30595253 0.79825489 1.08046948 1.35971276 0.3542014  1.46687703 0.70914915 0.66370288 0.91216666 0.89880708 1.42554376 1.11072893 1.5057523  0.65551381 1.06247646 1.2867175  1.78575607 1.39088265 0.70330754]
 [0.74717989 0.18599797 1.24804141 1.16788981 0.46979269 1.28783253 0.74224202 0.46058994 1.48884665 0.50079102 0.74501552 0.6668225  0.87890223 0.95857932 1.26784778 0.29973501 0.26302647 1.17505062 0.27612416 1.34872001 0.84488606 1.07998481 0.78266464 1.19562949 1.59706718 0.44660011 0.64410886 0.97616269 1.25411454 1.14881451 1.14052013 1.44253517 0.61913801 1.66035849 0.30550767 1.18756206 0.5496956  0.53755047 0.77450682 1.51107044 1.21794499 0.51790435 0.93274759 0.43398601 0.634384   0.39405605 1.12069214 1.27179088 0.83852118 0.5751908  0.66417554 0.75098767 0.32787504 0.46865035 0.93374794 1.88027617 1.34636012 0.98832021 0.61785983 1.40501027 0.45683065 1.43030455 0.51594726 0.93779079 1.55270243 0.49631712 1.53842704 1.53874021 1.4771745  0.93553055 1.70891469 0.7929893  1.69155571 0.63639242 1.34501641 1.3224935  1.44147284 0.96973686 0.96438749 1.00572727 1.36271418 0.6419526  0.92853101 0.90214958 0.80405792 0.51120561 1.91842951 0.63220376 1.49117095 1.29433037 0.8983737  0.56234869 1.08244439 1.28260229 0.53795521 1.06326142 1.8139142  1.44026883 0.80697143 1.09172346]
 [1.43933106 1.48965251 1.21298809 1.01244069 1.45353031 0.89638808 1.1545956  0.85003615 1.745599   0.66692497 1.34447997 1.00694984 0.56930067 0.63971902 1.00610175 1.80019139 0.98172107 0.63739153 0.55856275 0.69268405 1.07998481 0.34207962 0.41150944 1.26269358 1.53264499 1.15712734 1.03213754 1.12132777 1.43675698 1.18032334 0.99326876 1.3720043  0.79435055 1.73491708 0.98641099 0.50679164 1.25166    1.21795364 1.17610954 1.4644775  1.0933296  0.81273434 1.82521639 1.26660326 0.85290012 1.81902361 0.60210315 0.71026582 0.97842267 0.89674121 0.45577261 0.98274803 0.45487101 0.75154282 0.59080369 0.87825748 0.75795284 1.32925588 0.84674631 1.69754718 1.40723133 0.21424994 1.08579843 0.19901941 0.68560881 1.31528169 0.74351154 1.24182343 1.2827161  0.36986876 1.19847805 1.29796426 0.97478907 1.21768825 1.18513414 1.35400057 1.26844079 0.8024943  0.88304367 0.69766543 1.07118322 1.17388905 1.07999658 0.71431576 1.07928105 0.42450446 1.1662364  0.97578485 0.42748683 1.40492442 1.64979845 1.00134362 1.74008266 0.62619208 0.43759945 0.91115617 0.07904069 0.96695912 0.88088526 0.08056067]
 [1.4003193  0.72450874 1.29622371 0.3179614  0.89072392 1.27265548 0.9587538  0.88302565 0.99137028 0.63668515 0.46029338 0.64883988 0.89560662 0.73386688 1.20924347 0.90766211 1.10985417 0.92705744 1.39101552 1.60898124 0.78266464 0.41150944 1.04821857 1.26549018 1.59400731 1.19931745 1.6419549  0.43403407 1.22274858 1.28336053 1.17754124 0.78279839 1.06959838 1.40392075 0.57910399 0.56648126 1.05069862 1.03004071 1.34972283 1.67867337 0.67395492 0.83952418 0.61831884 0.56217211 0.85010537 1.18073432 1.10987396 1.09773517 1.23596563 0.62463955 1.05779486 1.3392247  0.50846389 0.59269424 0.8829705  0.93873312 0.71067946 0.86947975 0.50742756 0.71456649 0.74424504 1.6712288  0.93474106 1.45065432 1.19711225 0.94013104 0.97695226 1.07912194 1.91482469 1.46039967 0.55981701 0.94135442 0.59751459 0.60201972 0.7161241  1.45348899 1.09356821 1.26463838 0.51208748 0.97249245 1.49204556 0.35144389 0.89395732 1.0223714  0.67670876 1.16278837 0.97108453 1.46093136 0.99861192 1.54273791 0.52027091 0.9238841  1.91790687 1.03352791 1.60042341 0.24774921 0.96384643 1.84027611 0.29308275 1.22959817]
 [0.97044931 0.57929136 0.64891253 1.45839307 0.89153658 0.61745681 0.962862   0.57196481 0.35275675 1.41614036 1.30039498 0.93801191 0.98015448 1.33581299 1.02579603 0.49116703 1.49368407 1.27281876 1.62210085 0.97253964 1.19562949 1.26269358 1.26549018 1.09982169 0.86402333 1.48981983 1.59190358 0.72329468 0.91976517 0.9420317  1.3414113  0.73396041 1.04262347 1.23671209 1.4707419  1.23767352 1.15962243 1.05360534 1.21091433 1.16813925 1.48043993 0.76654306 1.36674172 0.70407057 0.81628793 0.72349027 1.33637079 0.2633141  1.07267054 1.0842363  0.50321273 0.11327722 0.09824441 0.62285118 1.09718421 0.59281676 0.23219482 1.21896222 0.61103459 1.28210455 0.98810269 1.34510108 0.85399383 1.41053541 0.50198314 1.11995505 0.8414693  1.13072782 1.67653543 1.30328478 1.50474489 0.88414348 1.28418073 1.00850992 0.49187934 1.15822102 0.59293365 1.49196262 0.99174373 1.41396482 1.84631866 1.32021066 1.02480296 0.8142777  0.64042253 0.67839565 1.08991866 0.34802491 0.72825229 0.76503948 1.05034219 1.37793449 1.10774609 0.41066332 1.17519123 0.85954589 0.51919821 0.46499063 1.50945832 1.21375879]
 [1.44312956 0.71766387 0.91687885 1.39059978 0.986022   0.31772173 0.60143696 0.82832222 1.25494349 1.08188328 1.28657947 1.19147763 0.91699103 0.27825945 0.51234627 0.76137127 0.904814   0.91492695 1.54791692 0.99634174 1.59706718 1.53264499 1.59400731 0.86402333 1.96593176 0.60960824 0.4866092  1.60595519 1.41130952 0.91345989 1.11815829 1.0738577  1.08896919 0.97557045 1.07338485 0.47546647 0.76462844 0.61182818 0.83274978 0.38097027 1.12188432 0.85937816 0.65760612 1.01924146 0.56919372 0.92646242 1.16176166 0.93914524 1.09723394 0.97413216 1.23280499 0.89080144 0.85075697 0.78796999 0.34401586 1.45071085 0.38075284 1.02597012 0.37524833 1.50364361 1.40245971 0.4325567  1.01906679 1.44080534 1.05813725 0.5555569  0.55029137 1.48222236 0.60954648 1.30360627 0.88246824 0.76205554 0.15234009 0.82551247 0.49353699 1.62115555 1.10042157 1.12072477 0.29917106 1.24543728 1.14351702 1.41754032 1.31874042 1.10403872 1.15285232 1.33744504 0.17679126 0.85373995 0.86025254 1.24097922 0.44583693 0.254622   0.19981242 0.92975183 0.79092168 1.30930379 0.97836897 0.7287718  1.39851791 0.92038556]
 [1.03818174 0.52817179 0.86475924 1.29770198 1.2843207  1.13937604 0.9577173  0.17769421 1.1732998  1.13647535 0.72586468 1.44380299 0.68906104 1.11869051 0.54050597 1.7422435  1.03676986 0.39953088 1.55013439 1.11670176 0.44660011 1.15712734 1.19931745 1.48981983 0.60960824 0.71356476 1.08840015 1.10065193 0.49783504 1.79657567 1.24665078 0.97200313 1.51257993 0.46708231 0.61329408 1.36857189 0.9128338  0.75610046 0.72740796 0.2845581  1.13234471 0.57609083 0.54788557 1.1952158  0.95271283 1.38260127 0.98121006 1.29483976 1.06364132 0.92170614 0.50022503 1.17661706 1.19278658 0.90905339 0.84468037 1.24239287 0.76698474 1.4264146  0.86778551 1.3664821  1.02215724 0.36584062 0.96535281 1.00910264 1.42879631 0.86670321 0.72109664 0.53811341 0.37863691 0.42344069 1.01331482 0.89811698 0.71406263 0.67647558 0.87207558 0.58841149 1.0612312  1.28008827 1.55798623 0.71941684 0.60708521 0.71316088 0.72388096 1.05586532 0.13337165 1.46491038 1.0629011  0.93515934 0.83309013 1.8330908  1.0442146  0.36390862 0.96000131 1.14947282 0.57419698 1.24357586 0.99502967 0.76940406 0.87539469 0.17630531]
 [1.62645309 1.03005676 0.83120014 1.36644767 0.73862329 0.65353028 0.0313187  0.74603076 0.68595998 1.02200728 0.04215551 1.01679808 1.14074297 0.83010877 1.53104131 1.74699258 1.82263784 0.80015912 0.45699937 0.61195557 0.64410886 1.03213754 1.6419549  1.59190358 0.4866092  1.08840015 0.33373164 1.57504706 1.2704896  1.38146875 0.97107635 0.56683492 0.73233001 1.2735014  1.38351943 0.6204449  1.74458976 1.11066009 0.43323075 1.15766185 0.80805081 1.02590891 1.09504798 0.9653116  0.7097944  0.86766592 1.31239248 0.25895355 1.07148563 1.89894082 1.46731614 1.4151715  0.99855945 0.90817595 1.29023774 0.9187161  0.53501253 1.09067029 0.55901255 1.63661128 1.02934521 1.47314343 0.75020005 0.61182343 1.22990092 0.36119923 1.661929   0.7221842  1.49366058 0.62314242 1.28075876 0.30712283 1.19211756 0.49708278 1.57562438 1.7431628  1.87182027 0.65559738 0.21888372 0.85835089 0.8602115  1.58463051 1.25847745 0.78144913 1.00571041 0.24524037 1.75029797 1.71804938 1.60114122 1.54207392 1.05563326 0.69893854 0.67472455 1.73579728 1.31355485 0.93950734 0.72226384 0.71090787 0.63727747 0.11593899]
 [1.18799484 0.63591108 1.60836168 0.78469845 1.14349887 1.44394071 1.02333897 1.10954681 0.6276866  1.11959653 0.93220275 0.89400931 0.53864296 1.12402637 0.61962854 1.18528127 0.3626701  1.5372707  1.6579565  1.05050625 0.97616269 1.12132777 0.43403407 0.72329468 1.60595519 1.10065193 1.57504706 1.65553181 1.43272662 1.47559496 1.45924853 0.66235745 1.53988237 0.26603865 0.14250825 1.19540279 1.19360404 1.11942842 0.46599087 1.10694283 0.77195739 0.91517561 0.95858746 0.18073557 0.33830535 0.63732796 1.89670016 1.67749911 1.28973673 1.32796957 0.90735014 1.06848961 1.35563416 0.99824941 1.58111867 1.47389222 1.23989031 1.03421632 1.1392384  0.54603806 1.13805866 1.08594977 0.55388078 1.43574775 1.22840877 0.27813562 1.20277831 0.62721266 0.88327365 0.54633714 1.79000656 0.88020803 0.56386367 1.23061728 1.55938183 1.63981164 1.89104913 1.13388026 1.23481963 0.29755512 0.97673253 1.53579312 0.90164103 0.82562746 1.44289131 0.30281369 0.75799543 1.07512264 1.47613265 1.42394945 1.23787986 0.67023269 0.66254369 0.69600083 1.13881922 1.1179756  0.93509863 0.79676419 0.5622368  0.96857544]
 [0.42676855 1.4775369  0.82053391 0.5545193  1.26051698 1.75376673 1.39027663 1.91624937 1.66058187 0.75944502 1.07821728 1.60128259 1.64695953 0.39577651 0.38164215 0.29714081 1.71258961 1.34460188 1.34486934 1.46942802 1.25411454 1.43675698 1.22274858 0.91976517 1.41130952 0.49783504 1.2704896  1.43272662 1.70473504 1.64625076 1.23865841 1.25714561 0.59365773 1.38481505 0.30829111 1.20659275 1.66713156 0.57034209 0.78359145 1.35624086 0.66513975 1.98091916 0.45793428 0.5604626  0.71782375 1.14869056 1.13345786 1.35421126 1.16699942 0.78887748 1.20312314 0.91020355 1.76341209 1.28474195 1.65080107 1.28520071 0.89037308 0.93510497 0.20438612 1.02403346 1.39496708 1.37030589 1.51769488 0.59854327 0.48420031 1.18530241 0.24369771 0.31604132 1.30100555 0.86037809 1.62708951 0.37859052 0.3828318  0.33566754 1.05453291 0.94019008 0.96762057 0.58907276 1.00604699 0.86598497 0.37840633 0.76215184 1.57065843 1.05193448 1.17719018 0.75312262 0.93307448 1.21291082 0.805816   1.39210173 0.90770307 1.1812224  0.87264149 1.56736583 1.45295378 1.44616926 1.11964344 1.84554202 1.2202991  1.84433348]
 [0.87804928 1.68869087 0.97632079 0.5926774  1.62648226 1.1229707  1.22377283 0.12308092 0.95626061 1.2668336  1.50854971 1.0287571  1.47099274 0.24190211 1.2375861  1.67993623 1.0892026  1.33233539 1.32727962 0.21272001 1.14881451 1.18032334 1.28336053 0.9420317  0.91345989 1.79657567 1.38146875 1.47559496 1.64625076 1.15715572 0.69967947 1.45940161 0.76008255 1.19475685 1.75116734 0.36873286 1.05748777 0.19697808 0.63428801 0.83796482 1.62308716 1.30061386 1.20485058 1.33466962 0.90682496 1.04908626 0.78579198 0.84435192 1.05622205 1.21292937 0.77799108 0.95957922 0.2586742  1.59783261 0.59819629 0.80593244 1.17344647 1.25203921 0.45704013 1.1905518  0.5873264  1.12283565 0.36454689 0.82825431 0.90695738 0.48477368 0.39777142 0.91888722 0.68926152 0.88430082 1.52296995 1.27918446 1.6203922  0.82722945 1.35181619 1.51671602 0.7823935  0.54823491 1.00558059 0.96229028 0.85967956 1.19069501 1.79254683 0.28632598 0.78470543 0.92291739 0.87294901 0.81991834 0.84877584 1.64802218 0.18016712 0.99838072 1.26772431 1.13509612 1.53873552 1.33988618 0.73638757 0.99480512 1.28066107 0.21611367]
 [1.52323531 0.09505198 0.48974013 1.60989679 0.9727599  0.74849305 1.05156202 1.53436428 1.11591776 1.6413306  1.10578631 0.57536612 1.78815537 0.78639386 1.65678143 1.25301293 1.03599162 1.15809655 0.74339943 0.61929405 1.14052013 0.99326876 1.17754124 1.3414113  1.11815829 1.24665078 0.97107635 1.45924853 1.23865841 0.69967947 1.57179789 1.33785223 0.93210666 1.45976601 1.10014162 1.39697143 1.15557118 0.96939555 0.44742467 0.80663643 0.85511759 1.09008651 1.04277554 0.9371362  0.99782184 1.08148093 0.68673411 0.88941593 0.82741226 0.98201698 1.22155717 0.80851543 0.27712429 0.51067522 1.22145161 0.90536118 1.0865878  0.76243776 1.11015086 0.92307766 0.30473274 1.05955075 1.2672684  1.19407025 1.57439771 0.54707784 1.74227665 0.8633264  0.80826309 1.08488182 0.99417219 0.9311111  1.46884332 0.36599082 1.47748567 1.24939367 0.47173912 0.95350242 0.55510794 0.91590325 1.18097439 0.20273915 1.09321719 0.83446653 0.62938194 1.56953129 1.1089103  0.22793751 0.46780377 0.48186893 1.56686936 0.47791972 1.05784853 0.01313829 1.52380251 1.3865212  0.54507292 0.35041768 1.59529186 0.38454628]
 [0.57893432 1.14930243 1.79822966 1.2189764  0.40375204 1.28163864 1.06914815 0.9179125  1.0390341  0.41880961 1.38542105 1.30922725 1.27854419 1.06761827 1.44497089 0.61565473 1.0373357  0.905712   1.45433566 1.57376889 1.44253517 1.3720043  0.78279839 0.73396041 1.0738577  0.97200313 0.56683492 0.66235745 1.25714561 1.45940161 1.33785223 1.48865327 1.25501718 1.35042631 1.34823028 0.58146093 1.13650801 0.62255001 0.89674837 0.81096986 1.22975021 1.07642939 0.97967513 0.3105896  1.15365267 0.6955905  0.42333905 0.74052013 0.93637872 0.91159571 0.91739682 0.60089152 1.22631263 1.55906334 1.05152157 1.32591425 0.72969849 1.10725964 0.10035143 1.4834422  1.01238115 0.77661427 0.37013668 1.65458606 1.29541582 1.52038238 1.33536593 0.83297199 0.69740354 1.12086023 0.28800588 1.18131569 1.38734221 0.39835224 0.89321789 0.64963804 0.80886564 1.30245917 0.86255792 0.86063834 1.24730445 0.1764932  0.97331144 1.62782461 1.37233027 0.97585449 1.28035066 1.40066776 1.25237222 1.05204878 1.3700484  1.05068192 1.14151101 0.94962806 1.09697977 1.13519245 1.08477569 1.77986618 0.92005122 0.34495142]
 [0.88429497 0.79531331 1.31385815 1.05242941 1.5509744  1.09048813 0.91690926 1.04638741 0.35824845 0.56059789 0.15779989 0.44652046 0.72441631 0.82088303 0.67680553 0.3004351  0.40171153 1.90721954 1.19473991 1.17026252 0.61913801 0.79435055 1.06959838 1.04262347 1.08896919 1.51257993 0.73233001 1.53988237 0.59365773 0.76008255 0.93210666 1.25501718 1.08099299 0.48826123 0.98592867 1.09635375 0.8092003  0.98915478 0.46111462 1.21454543 1.13225625 0.67637555 1.22331669 1.08913576 0.37615082 0.36928794 1.44468809 0.79984355 0.89145456 0.24591023 0.99463675 1.11767915 1.18508072 1.3125497  1.5836102  0.52032839 1.19960544 1.47025806 1.82090363 1.60625929 1.53455599 1.05060796 0.72880756 1.4711071  1.44411937 1.87310667 0.44639901 1.14150548 1.19637107 1.74840323 0.94365512 1.21403545 0.92941816 1.56420586 1.25308529 1.53854967 1.26403768 0.87997847 0.66461869 0.19490737 1.57328372 1.28193746 0.55346081 1.35664071 0.9033137  1.61594926 0.46405065 1.66785796 0.47560365 0.54238473 1.10660121 0.97869477 1.04943333 0.87840107 1.84644478 1.04436465 0.26526409 0.2422215  1.0096885  1.3201647 ]
 [1.02694933 0.36267439 0.70026335 1.19592618 0.94561158 0.5391731  1.60264606 0.85248566 1.37646024 1.62038977 0.73681717 0.43968058 0.69513298 1.37645679 1.15961599 0.36052847 1.46619201 1.34824734 1.1013701  0.89449716 1.66035849 1.73491708 1.40392075 1.23671209 0.97557045 0.46708231 1.2735014  0.26603865 1.38481505 1.19475685 1.45976601 1.35042631 0.48826123 0.76676407 0.83430227 1.24024619 1.26420617 0.38041398 1.24823284 1.21019354 0.71472377 1.09425696 0.57854363 1.002985   1.28474701 1.25213364 1.11189877 0.36453761 0.54480995 1.45140747 0.87120414 0.68835207 0.90279638 1.03388322 0.93150278 1.1176939  1.62434718 1.18639854 0.38835969 1.0144663  0.62816523 0.96994804 0.97521158 0.83477469 0.64311066 0.22730823 0.90890813 1.03695562 0.92093086 1.69774534 1.65262722 1.00767525 1.65244513 1.07580747 1.65675102 1.08026746 0.58090607 1.42927881 1.18074757 0.83979876 0.31798816 0.66183216 1.29697932 1.1369354  1.90196305 0.44329061 0.61064386 1.34884779 1.46003427 0.60468969 0.97022506 0.5698908  0.88313047 1.34861739 1.10675041 0.71052541 1.39684776 0.24123507 1.06321018 1.43141722]
 [0.48962804 0.76003186 0.48044208 0.64667008 1.06918339 0.60446437 0.4931985  0.87930322 1.09147456 1.4380676  1.77592348 0.89889058 0.47796781 1.36506276 0.9485042  1.38311766 1.36095994 1.05384441 0.97105871 0.43621995 0.30550767 0.98641099 0.57910399 1.4707419  1.07338485 0.61329408 1.38351943 0.14250825 0.30829111 1.75116734 1.10014162 1.34823028 0.98592867 0.83430227 0.37805718 0.51225361 0.22222717 1.29796414 0.78149366 1.77309411 0.89487339 0.48802384 1.24406707 1.6076563  0.98353327 0.89137884 1.19027341 0.54013437 1.76624625 1.29446537 1.22921059 0.77356038 0.93945977 0.47878712 0.81805161 0.61522885 1.16471061 1.68365636 1.05482779 1.04198939 1.06511642 0.60602994 0.22636332 1.13703879 1.40896512 1.50905152 1.6589673  1.15363427 1.660482   1.30528117 0.47656599 0.3425084  1.43861664 1.67942358 0.60583261 0.91182569 1.11156481 1.30757338 0.90161858 1.11175745 1.84773821 1.33833453 1.39615884 1.39870365 0.99610764 0.26981983 1.12116543 0.62749744 0.91920697 1.31374574 0.12231707 1.1067712  0.54810579 0.94947188 1.01948354 1.27330644 1.50877061 0.77515506 0.96547552 0.6292391 ]
 [0.91511082 0.00559221 1.21959801 1.38623183 0.79423017 0.56214212 0.35454598 1.02619014 1.26931968 0.5859547  0.80777339 0.82230489 1.33683636 1.16077091 1.40698037 0.57925155 0.67771482 1.71869448 0.88381469 1.06420968 1.18756206 0.50679164 0.56648126 1.23767352 0.47546647 1.36857189 0.6204449  1.19540279 1.20659275 0.36873286 1.39697143 0.58146093 1.09635375 1.24024619 0.51225361 1.19486594 0.79177689 0.28453555 1.0702652  0.833033   1.59400099 1.35295202 0.92003332 0.65186177 0.3980758  1.83660768 1.50171096 1.39403633 1.10189021 1.05597428 0.82537585 1.00016166 0.60478749 0.65304799 1.20786169 1.18553762 1.30221564 1.47881348 0.51375036 1.42357885 1.02891171 1.07171189 1.1143116  0.88796613 1.60326912 1.51049576 1.0213128  0.54971995 1.27816559 0.66064512 1.15512286 1.19127182 0.42750354 0.83971088 0.8236653  0.82378875 0.90045725 1.71099893 0.5183531  1.35415228 1.06626223 0.82708254 1.13489056 1.06384301 0.66966827 1.03639324 0.89067837 0.6390343  1.18921676 1.35402004 1.0853391  1.11519632 0.7129291  1.07337178 0.01004104 1.0042457  1.5975579  0.9255077  1.25268948 1.47597753]
